L T n mean_abs_M naive_se block50_se ratio tau_int cutoff_lag cutoff_status
32 1.50 5000 0.986233 0.00008867 0.00015973 1.8014 1.66 10 resolved
32 1.60 5000 0.979504 0.00011635 0.00019368 1.6645 1.71 11 resolved
32 1.70 5000 0.970393 0.00015059 0.00034887 2.3167 2.18 14 resolved
32 1.80 5000 0.955925 0.00020020 0.00051705 2.5826 2.94 18 resolved
32 1.90 5000 0.937887 0.00027864 0.00070804 2.5411 4.05 25 resolved
32 2.00 100000 0.911675 0.00008499 0.00027282 3.2101 8.20 50 resolved
32 2.05 100000 0.893650 0.00010398 0.00048035 4.6198 11.83 71 resolved
32 2.10 100000 0.869276 0.00013728 0.00091701 6.6796 22.58 136 resolved
32 2.15 100000 0.835177 0.00019861 0.00177303 8.9273 40.03 241 resolved
32 2.20 100000 0.787684 0.00029461 0.00411301 13.9608 101.66 610 resolved
32 2.25 100000 0.699428 0.00047061 0.00701757 14.9116 149.45 897 resolved
32 2.30 100000 0.548280 0.00065584 0.00848568 12.9386 120.06 721 resolved
32 2.35 100000 0.422212 0.00068884 0.01108695 16.0950 138.66 832 resolved
32 2.40 100000 0.317963 0.00062136 0.00744558 11.9828 115.42 693 resolved
32 2.45 100000 0.243555 0.00051843 0.00516907 9.9707 50.22 302 resolved
32 2.50 100000 0.204174 0.00045395 0.00508374 11.1988 49.87 300 resolved
32 2.55 100000 0.169103 0.00038150 0.00250936 6.5776 26.98 162 resolved
32 2.60 100000 0.153133 0.00034964 0.00202260 5.7848 20.62 124 resolved
32 2.70 5000 0.120797 0.00128006 0.00622915 4.8663 12.57 76 resolved
32 2.80 5000 0.107692 0.00112420 0.00457123 4.0662 9.00 55 resolved
32 2.90 5000 0.090951 0.00097768 0.00376574 3.8517 8.10 49 resolved
32 3.00 5000 0.082139 0.00090950 0.00321805 3.5383 6.33 38 resolved
32 3.10 5000 0.075621 0.00082237 0.00188243 2.2890 4.22 26 resolved
32 3.20 5000 0.069929 0.00073810 0.00187456 2.5397 3.91 24 resolved
32 3.30 5000 0.068386 0.00073462 0.00212826 2.8971 3.43 21 resolved
32 3.40 5000 0.064209 0.00067964 0.00165368 2.4332 2.73 17 resolved
32 3.50 5000 0.064330 0.00067326 0.00166707 2.4761 2.88 18 resolved
64 1.50 5000 0.986474 0.00004431 0.00009502 2.1444 1.58 10 resolved
64 1.60 5000 0.979506 0.00005951 0.00010666 1.7922 1.99 12 resolved
64 1.70 5000 0.969997 0.00007501 0.00013011 1.7346 2.04 13 resolved
64 1.80 5000 0.956795 0.00009772 0.00024004 2.4563 3.09 19 resolved
64 1.90 5000 0.938851 0.00012715 0.00032909 2.5882 3.44 21 resolved
64 2.00 100000 0.911379 0.00004345 0.00016428 3.7808 8.90 54 resolved
64 2.05 100000 0.892990 0.00005340 0.00028166 5.2749 12.81 77 resolved
64 2.10 100000 0.868777 0.00006975 0.00040464 5.8017 21.81 131 resolved
64 2.15 100000 0.835848 0.00009594 0.00080478 8.3882 44.36 267 resolved
64 2.20 100000 0.787351 0.00015033 0.00234758 15.6161 141.13 847 resolved
64 2.25 100000 0.664292 0.00043497 0.01410141 32.4195 647.28 3884 resolved
64 2.30 100000 0.424489 0.00062119 0.01775638 28.5844 520.75 3125 resolved
64 2.35 100000 0.244991 0.00050199 0.01193797 23.7815 369.33 2216 resolved
64 2.40 100000 0.172486 0.00037563 0.00568138 15.1251 128.45 771 resolved
64 2.45 100000 0.124694 0.00028787 0.00387859 13.4734 77.83 467 resolved
64 2.50 100000 0.100209 0.00023934 0.00220245 9.2023 53.23 320 resolved
64 2.55 100000 0.086547 0.00020395 0.00167426 8.2091 32.13 193 resolved
64 2.60 100000 0.076739 0.00018064 0.00121067 6.7021 25.63 154 resolved
64 2.70 5000 0.062867 0.00066087 0.00294170 4.4513 11.19 68 resolved
64 2.80 5000 0.050487 0.00053732 0.00247252 4.6016 11.34 69 resolved
64 2.90 5000 0.045431 0.00048199 0.00164595 3.4149 6.63 40 resolved
64 3.00 5000 0.045345 0.00048610 0.00161844 3.3295 6.55 40 resolved
64 3.10 5000 0.039338 0.00042748 0.00116625 2.7282 4.65 29 resolved
64 3.20 5000 0.038684 0.00041368 0.00116333 2.8121 4.20 26 resolved
64 3.30 5000 0.034185 0.00036263 0.00100425 2.7693 3.57 22 resolved
64 3.40 5000 0.032029 0.00033612 0.00080272 2.3882 3.30 20 resolved
64 3.50 5000 0.032148 0.00035069 0.00079088 2.2552 2.81 17 resolved

Binning details for L=64, T=2.3 (block_length blocks discarded_tail standard_error):
1 100000 0 0.00062119
2 50000 0 0.00087793
3 33333 1 0.00107471
5 20000 0 0.00138625
8 12500 0 0.00175144
12 8333 4 0.00214217
19 5263 3 0.00268929
30 3333 10 0.00336756
46 2173 42 0.00415011
71 1408 32 0.00512059
108 925 100 0.00625838
166 602 68 0.00765996
255 392 40 0.00926712
391 255 295 0.01114011
599 166 566 0.01317480
918 108 856 0.01524813
1406 71 174 0.01750230
2000 50 0 0.01775638
2154 46 916 0.01842994
3300 30 1000 0.01923736
4000 25 0 0.01817818
5054 19 3974 0.02041833
7742 12 7096 0.01596135
8000 12 4000 0.01634161
11859 8 5128 0.01565534
18165 5 9175 0.02479000
27825 3 16525 0.02774728
42621 2 14758 0.01967166
65285 1 34715 not_computed_fewer_than_two_blocks
100000 1 0 not_computed_fewer_than_two_blocks

Interpretation:
The 50-block standard error is provisional; fifty blocks alone do not establish a plateau.
The binning curve continues to vary at long block lengths and has too few blocks for a stable comparison.
sampling error unresolved

Requested summary statistics:
L=64 T=1.5: n=5000, mean_abs_M=0.986474, naive_se=0.00004431, block50_se=0.00009502, ratio=2.1444, tau_int=1.58, cutoff_lag=10
L=64 T=2.3: n=100000, mean_abs_M=0.424489, naive_se=0.00062119, block50_se=0.01775638, ratio=28.5844, tau_int=520.75, cutoff_lag=3125
L=64 T=3.5: n=5000, mean_abs_M=0.032148, naive_se=0.00035069, block50_se=0.00079088, ratio=2.2552, tau_int=2.81, cutoff_lag=17
L=32 maximum_tau_int=149.45 at T=2.25
L=64 maximum_tau_int=647.28 at T=2.25
L=64 T=2.3 n_eff=96.01
